$ANSIBLE_VAULT;1.1;AES256
63376335656261303033636535333134633561326134613463306364613061666235663132613736
3062383533656232343164373235633562653337666534300a306361633638346634653933356561
34626666646138656236343634616139636637363137396230633034653430313138366466383966
6138386563643935390a656630303333356161326661313765633230626462656436306637623338
37306263333066303132393136313635343535303131396363643962616462366463303730396465
62663236656463663264343638663939643838633734383866333234306232616562666534613131
34316539633661613431653362383437613737656238633932316632353530666366383931383732
38336535353837326335633539383863373234626335326237643939646466333966326430663533
63396466333435646439336637623134623536616336613236643334663735343537666164393834
36386162333839376334636464373336323332373238656362333866306530323733366639333538
34393762643332343535623935306561623235633332343435313230663166626633643665653831
35376139316637396232366535333064623364646236313236623131383161373065316265343763
61636638336266623230306362663262613937383837643938313639366265366334323839623664
66333665636334303435666361626134353763373035383631663435343937636336306236336664
64393137343836353337333730613430383163383432386538383235323737373630323262663438
39626236663135373333623765353736616434333736346133333863616336336431343962666232
30653464623335373834383932636166383963383239636462326435626364613130633963363831
32396533643536306639333431343131633433366433633736656336383562613962633037663134
65623734653164336330356264623933653436663039356639336532376465383334653566663339
37616263373636383061636665386562373732646139326235646635356139383466363061663464
32636139633533623861383565396536383436623363383434393234636434343030363230353561
30316639343531343630633862356363303361643163336431366266356230353861366165393662
643838333135343936636639303530663734
